29,4
29,1
29,3
28,1
28,3
31,4
31,5
32,4
33,3
32,5
32,1
32,3
31,1
31,3
14,5
64,35
10,289
10,189
10,221
10,169
10,68
10,7
10,220
10,190
11,5
11,17
11,19
11,21
11,12
11,2
11,3
9,6
9,4
8,9
8,8
8,4
8,17
8,12
12,2
12,1
12,3
20,2
19,2
19,1
19,3
39,7
39,6
39,5
39,4
39,3
39,2
39,1
38,5
38,4
38,3
38,2
38,1
37,173
37,172
37,171
37,170
37,169
37,168
37,167
37,166
37,165
37,164
37,163
37,162
37,161
37,160
37,159
37,158
37,157
37,156
37,155
37,154
37,153
37,152
37,151
37,150
37,149
37,148
37,147
37,146
37,145
37,144
37,143
37,142
37,141
37,140
37,139
37,138
37,137
37,136
37,135
37,134
37,133
37,132
37,131
37,130
37,129
37,128
37,127
37,126
37,125
37,124
37,123
37,122
37,121
37,120
37,97
37,68
37,67
37,66
37,65
18,1
18,3
37,64
37,7
37,5
